PC1	PC2	score	age
1.763436587952588	-2.9484552454280206	0.5331558159470917	old
16.248871992796236	0.343879589746663	0.8151727430079582	old
-1.7097465513648709	-0.2302254629379697	0.4566628795414611	old
1.6430144635218367	-5.517913917867368	0.4424513007394842	old
9.060426009403393	-0.809914926967761	0.7290342378348789	old
13.927293947156931	4.266259234740842	0.757175475314192	old
14.850543517503562	-5.683942970553741	0.8174723610166091	old
-0.15952884599528205	-0.6911100614648893	0.5186566384478315	old
8.587587842150548	-1.9320508925629052	0.6388317155560681	old
13.938169912504907	-2.401822534176494	0.7969580225090706	old
12.628912401369004	3.1329812938836525	0.777524853011487	old
13.645454195716315	1.5030607493619514	0.8263900903725865	old
8.499330061982047	6.771111960338505	0.668831737691492	old
6.781614192977677	1.8749567220464298	0.611528915837262	old
11.057359598476987	-2.074458787436581	0.7581826857594098	old
14.649162698209901	0.3398774558892355	0.814622006043072	old
14.94896236909704	-2.9844378546764116	0.8487331741381913	old
0.3040488389376268	0.05561824784379071	0.5025138072074413	old
6.418509708676505	1.3475137669073816	0.6620351783951247	old
2.1491380881551865	-1.4788719610282552	0.5200109131085168	old
-12.111963229954876	13.42457956179341	0.23551958666391914	old
9.527361808427006	-5.997064474458977	0.7539962705684543	old
6.174017670193965	-7.489130301971949	0.5111482162400031	old
15.235707273744827	-2.8505232425745284	0.7966682660309351	old
11.155569299181018	6.676138842270717	0.7204958634192422	old
-7.812446231227025	-3.4007501327260306	0.32691247698905024	old
10.509026389119215	-5.761324632233027	0.6040446287101942	old
6.925800501610355	-4.921983030012229	0.6086705991172318	old
-2.534303370554729	-6.46865994367227	0.40122030510742085	old
5.561608872111833	3.062016100867429	0.6102838575525983	old
6.513470345407814	-5.300342075226339	0.5579493009777657	old
4.363471605080131	-9.223711972972655	0.5920945946357636	old
3.541883508547474	-6.729418138542522	0.5651718086056612	old
-2.9954370148751135	-4.902914581840298	0.4340107873975924	old
4.140327375676825	3.4425479429006636	0.5535797526004824	old
8.455301843242033	-4.497637001231799	0.6268308061117549	old
-4.9366748511739225	-3.096929278860922	0.33435667691198473	old
10.721947622380382	-4.277173964848022	0.7197770746744241	old
12.427231993847302	-7.546333363293303	0.6843165141765997	old
-2.355413276699667	6.546616174065077	0.488168715991948	old
-3.05303231100134	-5.866882471350813	0.37652399473735404	old
6.725677644902436	2.32157124221431	0.555125077594127	old
9.169626785257604	-1.569900679574379	0.6435072456829354	old
-2.7015186359452223	-7.974020911999955	0.3717972773795816	old
7.289134957346724	-3.9795687652517695	0.6729997524937237	old
8.85056739673269	-0.6492635784536498	0.7343516396703406	old
2.2741648152914906	-6.0200639308822215	0.4951445583029544	old
10.841466444322474	4.38640776392755	0.6851256924903919	old
5.431413160105179	0.40459128269414435	0.6721021155173031	old
6.202644049419518	-2.891965751606144	0.6695248067819216	old
5.117498263503972	-4.121533372822679	0.5854738306903844	old
5.2757016007238615	-7.174316487299335	0.5311455614787227	old
2.1962729351849277	-6.7648395466571065	0.5226469231554661	old
7.074756677893997	3.097953345164858	0.5921103154292897	old
-3.6962145925224092	-7.893645576016697	0.46385807319210204	old
4.5531457179175465	-3.1576834006286916	0.5250026984996048	old
14.937668045329605	-2.8201062720047356	0.854727229191126	old
8.406305444342083	9.749173800932825	0.7260708371937722	old
-8.215214388163895	-12.622832008844586	0.23584955809166896	old
17.109168111852455	-3.29454461839035	0.7990593628432188	old
3.4043774161713687	2.78758256441334	0.5817896322828594	old
10.411531649109243	3.1676067980287623	0.7699955440041304	old
16.021635027762734	3.9797629922467714	0.8731581575321172	old
8.229102196183211	-2.2408877352585495	0.6493741076273827	old
14.418532310969402	-5.283565631308297	0.781675203174859	old
21.504825646091764	0.529227297311297	0.961412378408013	old
12.132268684490176	3.9389602796025445	0.7024986900416059	old
13.82591818650038	7.589913242640376	0.7724600787380261	old
18.682159197250552	-5.936529750732864	0.9520893341972831	old
13.950896940668745	2.1976254543593723	0.7130556699823405	old
17.324576731081432	2.977660340315404	0.8796737684315814	old
1.0984434343111507	-2.075896216334243	0.4248962611140521	old
3.3434104856526488	-0.25525262626907674	0.5397620812609731	old
-8.577812233637756	15.6145735576501	0.32730862463322413	old
12.523526988451279	-0.020978625156564405	0.7273751460279998	old
17.09137838974773	-2.490409056439361	0.8489043819535653	old
7.715233094748785	-2.297226477971675	0.596607431914787	old
14.933857027250344	0.6325585271378886	0.8370006467493938	old
3.7983231345692547	-2.0214697596892135	0.5889071752614427	old
13.495745505906509	4.299879235049565	0.8281982595765613	old
0.4828647717933518	2.999942009743015	0.48988851215708423	old
-2.7471960348996363	-0.24903565267203664	0.4062030837581773	old
9.272424494144438	-1.1244164395938776	0.666769230746949	old
11.797894528622738	-0.5171301047971135	0.6638472408369885	old
3.9776762835311006	1.9361915758006953	0.6331929151453077	old
9.989442177967405	-3.7147524143669393	0.713607435884572	old
9.552238715076673	2.0120341786156577	0.7055205547619483	old
12.354654397377281	2.3726340695444046	0.7524832474909061	old
15.881951808366924	2.6002781510916178	0.885061359884659	old
9.640812851231903	-0.9028560610415739	0.6462808619694005	old
1.6787289210823435	0.5463088008385903	0.5679534774296823	old
16.243563604063883	-1.457049995075264	0.878238323680753	old
5.135689171643915	-3.17876673218105	0.5848460175548379	old
2.765957123801955	-6.919328398483956	0.48334885621192425	old
8.476233999222911	5.45500581029806	0.7000921726062534	old
2.763921934530563	7.5338233326631485	0.5898805059558085	old
6.676220217179703	2.8276659743953934	0.6016257375457891	old
12.743719578048626	-5.016020489674545	0.7385735897376836	yng
0.5769489129323155	8.977718642779356	0.4908380355275325	yng
12.910934905237667	8.031815561851442	0.8057128372515943	yng
13.46418740260936	-0.12056450853883856	0.8061642498777685	yng
11.450735932834872	-2.172620910133407	0.6758519339232222	yng
14.886219378537996	0.5355751195665961	0.8825027896581501	yng
0.07184463252034227	-7.554074770193773	0.5053239270938461	yng
12.326183390462425	12.059640836937923	0.7384446645588141	yng
-4.050097871754719	-9.16758618153984	0.36562375135464376	yng
-2.3972538672329455	-6.089313612177396	0.3951867405849128	yng
6.280652354427183	-2.4935466970244455	0.5754147005356641	yng
11.801568038471526	10.329077817803133	0.6991910319557302	yng
14.834127035352727	6.6980584498540985	0.8197649083171307	yng
4.7266598705518845	-4.281559093710583	0.5515842698020776	yng
8.71227751780984	0.4959881380465563	0.6139780727005663	yng
15.062967918502887	1.2479057804791345	0.8415385285403169	yng
19.930275200558505	1.8687147327063072	0.9069316260135539	yng
15.820581851132253	6.2308271295205335	0.8922605256153119	yng
14.751376245338221	1.382233034602293	0.8089802312068028	yng
13.96472578330703	3.3066486984774395	0.830621206862223	yng
-0.25407440722233104	13.641847862439613	0.4810771604542553	yng
13.782364880428217	5.5723667491334385	0.7957198648176681	yng
-1.6511277611671782	10.714279070912673	0.5320811239775811	yng
8.26244868710773	-0.6693518040949132	0.6500606514212824	yng
-5.690296377818753	0.4120592505449279	0.39883205039598874	yng
-13.74813273577713	-0.15069421993456664	0.16642595065782825	yng
-7.577436928675268	-0.5830278263586574	0.22925174271097032	yng
-10.471600308053223	1.1100435829901225	0.22632321906428451	yng
-13.175890838171258	3.2735643458942314	0.1807693772318945	yng
-14.977425372869822	-1.7997403689709102	0.12670342455873598	yng
-8.260609423620117	4.8858071430756125	0.256330133751839	yng
-12.79355646573553	12.182061685436416	0.2652548077174101	yng
-12.777428208482837	3.6090790952314893	0.16059459346690758	yng
17.401462214614018	8.467860731831129	0.8901168870416464	yng
-13.028961588390855	-5.597605708653965	0.17080610706654195	yng
-9.484784020998791	1.4919817340265884	0.2110591177556335	yng
-4.6318726543422795	9.030305628186683	0.38223775857965575	yng
-9.965664359958737	1.1125974395297658	0.1824773100177092	yng
-2.4527913448151635	-7.468353706701021	0.3490408340931552	yng
-12.696302909816554	-7.316303097846454	0.1375054953375524	yng
11.730899166958455	3.31752769350097	0.6922093771468916	yng
0.48210067216261876	6.77980980522911	0.4872864683743083	yng
-11.043337612574975	12.270061414157473	0.24982807411257285	yng
-13.125380475825533	-2.9085880480442423	0.13435090738644587	yng
-15.382809455625045	3.9762164128688515	0.10234931239945907	yng
-5.763742808442035	15.061194179030812	0.34112701943175255	yng
-12.332093562939644	5.322780452958519	0.2255616614916683	yng
8.227971560307848	1.3683318477063793	0.5945031051085263	yng
-12.992661638625838	7.462755152105285	0.1403081365788062	yng
-2.381803080170418	-0.03552377455812419	0.39661233799104006	yng
-11.301215834524024	3.8899195705842815	0.19450458152730465	yng
-9.296536102629327	-6.226411010710563	0.24111657987648327	yng
-5.821922396511708	-4.868012390521067	0.3363510622060522	yng
-7.028167130824624	7.249220159227491	0.27726131331640913	yng
-15.153481817876246	0.8151031255669431	0.16409671499180975	yng
-1.8132870832255017	-8.212588899282439	0.49951905136707636	yng
-7.9663193734028175	-1.8629000502625246	0.27319941189658015	yng
-3.729043570405905	-6.229261163046919	0.33027697443996834	yng
-9.842166447512138	-3.1576034289433172	0.20856181138888658	yng
-14.715362836129458	-7.811519289914569	0.09361764659512561	yng
-10.076178827294713	-0.825275808342171	0.18566993368222146	yng
-14.689428132233408	-8.507731650220848	0.1395876983666904	yng
-6.082813189387991	-11.742050401900702	0.3014553239620318	yng
-13.049678981621936	-1.8371353354764957	0.25824970739689584	yng
-17.44645655899089	6.644471715438936	0.1304416807815582	yng
-12.253507070778175	2.671104007308342	0.1853300802942214	yng
-12.652297904726272	0.5029947354055863	0.15051440544749656	yng
-14.372332531505446	9.132818535242372	0.11756232429462059	yng
-11.978728711138247	4.505580362588996	0.12099722366197568	yng
-15.632124151181616	-0.9590067843119178	0.13474896940687206	yng
-10.905480344749849	8.620926050407475	0.2575259491851162	yng
-14.392176086516706	2.658136770447569	0.14378324492886618	yng
-14.652542551119605	-0.5004717009196215	0.17062853474818987	yng
-2.385207794342618	-3.999089646875504	0.37648033692111393	yng
-15.436453616592463	3.570698225466119	0.17625273848667536	yng
-11.616624199805623	10.159512267508246	0.2032084752227318	yng
-15.726715277187425	-1.5228402337727023	0.16946836574339116	yng
-14.126985100033965	-7.997777506715092	0.17318875527096528	yng
-15.381126749618396	-8.097516948215548	0.1118492116897979	yng
-16.032226545990678	-3.3182425998023857	0.10466712541216468	yng
-13.285335224304221	11.497814471268496	0.1217084145228689	yng
-9.776022425729304	-8.618529598174012	0.3054543539478148	yng
-7.361877974992555	-8.276688861255426	0.279519198139991	yng
-10.242904962126772	-12.743812630366174	0.1877270245868172	yng
-9.165234674010048	-7.461896631485997	0.2205063780940029	yng
-11.952892080453104	7.6323260336446985	0.21993476217363628	yng
-10.245055770536837	-9.106068118102149	0.20162532065223374	yng
-14.057298554756787	5.4557651959494144	0.14031438572744603	yng
-9.924132293022462	2.243880724453349	0.2706563924019713	yng
-8.146512477414744	8.118032563033342	0.2893626147063562	yng
-9.64528680241506	-2.182124701806607	0.18815977976215595	yng
-15.079142767412012	6.92951864250322	0.13450651506365705	yng
-17.03286878570831	0.8256960572319249	0.06902708955014619	yng
-1.6382413854118145	-0.570874754599161	0.4232886731238549	yng
-11.200681637021052	-5.229106641789859	0.19891864253671737	yng
4.592140292023603	-7.608330410060615	0.4662807598707788	yng
-13.60350601069431	1.4794532169008194	0.1721487515157114	yng
-16.21096831869071	-5.093969584301648	0.13055950240537406	yng
-12.386891508622773	-7.337606577408832	0.1908707743268461	yng
-12.493523792675624	12.709444781424974	0.2284077099623135	yng
0.4585988281745863	-6.549653961921073	0.43112935663394436	yng
-5.462863483823948	2.8199590372923393	0.29975867673954554	yng
-12.660889249597584	-0.3710272373191058	0.16846767176781274	yng
-1.6947516883635647	1.0871384433381244	0.438877367077314	yng
-10.178469742714396	1.955016471636309	0.22374379314245332	yng
-3.6383445464095843	-6.393076588626395	0.3851937973340463	yng
-16.62923500716206	-0.9222607949833043	0.15142924476881067	yng
-5.771003726052859	2.2072349498771393	0.2845806043331217	yng
-14.187568552668722	2.352506596267545	0.09801611392685688	yng
-11.750917599283996	-1.0626846338366545	0.2236557567885697	yng
-9.319302660690964	3.8445157414113975	0.2522556264274989	yng
-7.635423990171267	1.5454772097460796	0.3026962981297131	yng
-6.1723752637629214	-8.856710912475254	0.3138757141850921	yng
-6.665064691164811	-2.910975918656837	0.3621199236590252	yng
-2.7656502964715544	7.147140750814357	0.4158123435489894	yng
-17.749660221175997	-7.343795676337043	0.0	yng
-15.16057407067227	-8.04296087365765	0.10535231814107714	yng
3.293793276538822	-3.0131547022307323	0.5093687739323488	yng
-12.531111473939132	9.777225919229895	0.20228829641033327	yng
-15.261748883685499	6.477582455538622	0.10414251891780504	yng
